110 0 8 14
110 1 8 14
110 2 8 14
110 3 8 14
110 4 8 14
110 5 8 14
110 6 8 14
110 7 8 14
110 8 8 14
110 9 8 14
110 10 0 0
110 11 0 0
110 12 0 0
111 0 8 14
111 1 8 14
111 2 8 14
111 3 8 14
111 4 8 14
111 5 8 14
111 6 8 14
111 7 8 14
111 8 8 14
111 9 0 0
111 10 0 0
111 11 0 0
111 12 0 0
112 0 8 14
112 1 8 14
112 2 8 14
112 3 8 14
112 4 8 14
112 5 8 14
112 6 8 14
112 7 8 14
112 8 0 0
112 9 0 0
112 10 0 0
112 11 0 0
113 0 8 14
113 1 8 14
113 2 8 14
113 3 8 14
113 4 8 14
113 5 8 14
113 6 8 14
113 7 0 0
113 8 0 0
113 9 0 0
113 10 0 0
114 0 8 14
114 1 8 14
114 2 8 14
114 3 8 14
114 4 8 14
114 5 8 14
114 6 0 0
114 7 0 0
114 8 0 0
114 9 0 0
115 0 8 14
115 1 8 14
115 2 8 14
115 3 8 14
115 4 8 14
115 5 0 0
115 6 0 0
115 7 0 0
115 8 0 0
116 0 8 14
116 1 8 14
116 2 8 14
116 3 8 14
116 4 0 0
116 5 0 0
116 6 0 0
116 7 0 0
117 0 8 14
117 1 8 14
117 2 8 14
117 3 0 0
117 4 0 0
117 5 0 0
117 6 0 0
118 0 8 14
118 1 8 14
118 2 0 0
118 3 0 0
118 4 0 0
118 5 0 0
119 0 8 14
119 1 0 0
119 2 0 0
119 3 0 0
119 4 0 0
120 0 0 0
120 1 0 0
120 2 0 0
120 3 0 0
121 0 0 0
121 1 0 0
121 2 0 0
122 0 0 0
122 1 0 0
238 0 0 0
238 1 0 0
239 0 0 0
239 1 0 0
239 2 0 0
240 0 0 0
240 1 0 0
240 2 0 0
240 3 0 0
241 0 0 30
241 1 0 0
241 2 0 0
241 3 0 0
241 4 0 0
242 0 0 30
242 1 0 30
242 2 0 0
242 3 0 0
242 4 0 0
242 5 0 0
243 0 0 30
243 1 0 30
243 2 0 30
243 3 0 0
243 4 0 0
243 5 0 0
243 6 0 0
244 0 0 30
244 1 0 30
244 2 0 30
244 3 0 30
244 4 0 0
244 5 0 0
244 6 0 0
244 7 0 0
245 0 0 30
245 1 0 30
245 2 0 30
245 3 0 30
245 4 0 30
245 5 0 0
245 6 0 0
245 7 0 0
245 8 0 0
246 0 0 30
246 1 0 30
246 2 0 30
246 3 0 30
246 4 0 30
246 5 0 30
246 6 0 0
246 7 0 0
246 8 0 0
246 9 0 0
247 0 0 30
247 1 0 30
247 2 0 30
247 3 0 30
247 4 0 30
247 5 0 30
247 6 0 30
247 7 0 0
247 8 0 0
247 9 0 0
247 10 0 0
248 0 0 30
248 1 0 30
248 2 0 30
248 3 0 30
248 4 0 30
248 5 0 30
248 6 0 30
248 7 0 30
248 8 0 0
248 9 0 0
248 10 0 0
248 11 0 0
249 0 0 30
249 1 0 30
249 2 0 30
249 3 0 30
249 4 0 30
249 5 0 30
249 6 0 30
249 7 0 30
249 8 0 30
249 9 0 0
249 10 0 0
249 11 0 0
